29.50	4053052
29.25	4052848
Command exited with non-zero status 127
0.00	940
60.58	4053028
60.65	4052988
53.74	4052908
Command terminated by signal 2
14.71	2018124
29.32	4053000
26.97	4052924
30.46	4052880
29.61	4053040
Command terminated by signal 2
1.48	506152
27.81	4052964
18.01	265664
16.07	265464
16.30	1705068
16.11	1705068
1.58	1705016
Command exited with non-zero status 127
0.00	916
1.16	265688
1.15	265716
2.48	265932
2.48	265556
96.63	38735192
Command exited with non-zero status 127
0.00	900
97.18	38682052
97.40	38735100
98.37	38735052
2.42	277032
96.76	38735092
2.56	277112
2.79	277148
2.51	277000
150.97	58025416
103.20	38735176
0.13	5396
Command terminated by signal 2
16.20	4440
0.02	5700
Command exited with non-zero status 127
0.00	940
96.09	38735276
4.59	1832548
120.25	42683344
181.69	42683184
187.52	42683388
136.13	42683356
97.09	38735140
145.02	42683220
18510412095Command terminated by signal 2
307.55	43593684
0.03	4112
Command terminated by signal 2
93.49	39773764
1600.47	43505156
